A: 0,373,
F: 676,
S: 482,
T: 165,818,
 : 5,10,17,23,30,36,45,51,60,66,74,80,88,94,104,110,119,125,134,140,144,151,156,164,170,178,182,187,192,195,203,211,214,219,220,227,231,234,242,245,251,254,257,265,271,279,285,294,304,309,312,318,321,329,330,331,341,345,350,354,359,364,367,378,386,394,399,402,414,420,426,432,445,451,455,459,467,473,481,488,491,495,501,505,510,518,521,525,532,541,544,548,553,556,565,574,579,590,594,602,610,624,630,635,647,655,661,664,675,679,687,700,705,706,709,716,725,730,737,749,752,760,765,772,776,787,790,797,805,810,816,817,820,831,838,843,848,861,871,882,890,896,901,904,915,921,930,931,932,935,943,948,952,955,960,963,968,977,982,986,992,1001,1009,1012,1014,1026,1033,1038,1039,1040,1050,1052,1059,
a: 141,179,212,228,239,300,305,369,400,452,489,537,577,600,603,618,643,682,773,828,833,840,856,912,917,961,979,983,993,996,1013,1036,1046,1051,1054,1060,1069,
": 717,724,753,759,798,804,
b: 174,289,355,365,390,514,529,651,662,865,916,925,939,1005,1030,
c: 199,224,325,397,506,636,642,670,920,969,980,998,1045,
d: 143,235,307,371,454,463,466,540,560,563,580,613,620,646,665,775,823,830,842,855,881,900,907,914,985,994,1000,1021,1043,
e: 3,7,11,13,15,26,29,42,43,57,58,71,72,85,86,96,98,101,102,111,116,117,129,131,132,147,167,169,175,181,184,185,189,200,208,225,230,247,261,263,282,284,290,296,298,314,326,348,353,366,376,381,391,405,413,434,436,444,458,465,494,504,509,515,524,530,539,547,550,562,581,583,588,593,596,598,614,627,629,634,645,652,663,680,686,698,699,734,735,745,747,767,769,786,814,824,836,847,866,875,877,880,884,898,899,908,926,940,951,957,966,976,978,987,989,999,1006,1031,1048,1057,
f: 1,52,67,69,157,320,342,374,410,421,423,441,474,667,668,891,944,
': 659,
g: 113,196,278,295,322,339,487,595,623,835,860,1023,1056,
h: 38,114,166,258,270,281,333,347,352,398,460,503,523,546,557,576,592,626,689,696,719,732,965,981,1035,
(: 18,31,46,61,75,89,105,120,135,152,415,427,446,468,701,839,
i: 39,68,82,112,127,193,223,252,255,276,310,337,356,370,411,422,442,534,542,569,571,586,621,641,666,669,690,707,711,720,739,750,755,778,784,788,792,800,812,849,852,854,858,872,892,919,974,1019,1022,1024,1041,1044,1072,
): 21,34,49,64,78,92,108,123,138,155,418,430,449,472,704,869,
k: 272,496,
l: 12,27,159,160,188,237,238,246,301,302,357,358,476,477,484,601,640,672,685,714,727,762,795,807,832,1017,1053,
,: 9,22,35,50,65,79,93,109,124,139,210,293,308,340,385,419,431,450,517,609,870,929,959,1008,
-: 409,440,694,743,782,1020,
m: 173,215,288,316,360,389,513,528,585,604,631,638,650,683,712,793,844,853,864,924,938,947,971,1004,1015,1029,1061,
.: 163,372,480,674,815,1075,
n: 8,16,44,59,73,87,99,103,118,126,128,133,142,148,171,186,194,273,277,286,297,306,311,338,349,382,387,406,437,453,457,462,486,493,497,511,526,543,551,559,573,587,597,607,612,619,622,648,658,748,770,774,783,785,811,813,822,829,841,850,859,862,873,888,897,906,913,922,936,950,958,984,997,1002,1027,1042,1064,1070,
/: 1066,
o: 53,158,161,198,206,216,236,243,259,267,274,319,324,334,343,456,475,478,483,485,492,498,507,519,554,567,572,605,632,637,657,677,819,845,887,903,933,946,949,954,970,1010,1062,
p: 221,335,336,368,566,639,684,713,726,761,794,806,883,972,
0: 154,233,429,470,471,
q: 1067,
1: 19,20,32,47,62,76,90,106,121,136,232,469,
2: 33,153,416,
r: 4,40,55,176,180,197,201,207,222,229,240,244,264,268,291,299,315,323,327,344,377,392,464,508,516,520,531,555,561,584,599,615,633,653,678,691,697,721,733,825,834,837,846,867,876,885,893,909,927,934,941,945,973,990,1007,1011,1032,1055,1058,
s: 81,95,168,177,183,190,191,204,209,213,217,226,241,248,249,256,283,292,317,332,362,393,395,401,433,490,500,533,552,564,568,589,616,628,654,708,710,729,738,744,751,754,764,766,777,789,791,799,809,826,868,878,886,889,894,910,918,928,942,962,975,1049,
3: 48,702,703,
4: 63,
t: 2,6,24,37,41,56,70,84,100,115,130,145,149,205,218,253,269,280,313,351,363,375,379,383,403,407,424,438,502,522,535,538,545,549,570,575,578,582,591,608,617,625,644,660,673,688,692,695,718,722,731,741,757,780,802,827,851,857,874,879,895,902,911,953,956,964,1018,1025,1034,1037,1047,1065,1071,1073,
5: 77,417,428,448,
u: 54,172,287,361,388,396,461,512,527,536,558,606,611,649,671,728,763,808,821,863,905,923,937,1003,1016,1028,1063,1068,
6: 91,
v: 14,28,97,262,412,435,443,746,768,988,995,
7: 107,447,
w: 25,146,162,260,266,275,346,380,404,479,499,656,
8: 122,
x: 83,681,740,756,779,801,
y: 150,202,303,328,384,408,425,439,693,715,723,742,758,781,796,803,967,991,1074,
9: 137,
;: 250,736,771,
